500 3 300.000000 0.309494 0.435675 0.059950 0.432855
500 4 300.000000 0.120137 0.216679 0.011655 0.118806 0.133406
500 5 300.000000 0.109504 0.168712 0.022341 0.163425 0.014764 0.178278
500 6 300.000000 0.089013 0.132387 0.054072 0.047930 0.108686 0.041788 0.149215
500 7 300.000000 0.078812 0.120580 0.062820 0.069567 0.062128 0.074777 0.049604 0.112210
1500 3 300.000000 0.403420 0.593667 0.007497 0.609094
1500 4 300.000000 0.177327 0.216011 0.136170 0.085612 0.271515
1500 5 300.000000 0.133399 0.232537 0.002120 0.189751 0.037487 0.205099
1500 6 300.000000 0.126291 0.189358 0.069007 0.075877 0.159604 0.035524 0.228376
1500 7 300.000000 0.107762 0.157720 0.079135 0.118859 0.030461 0.151439 0.050833 0.165885
64 3 300.000000 0.073535 0.106784 0.007326 0.106495
64 4 300.000000 0.031683 0.046773 0.018401 0.021631 0.039927
64 5 300.000000 0.021595 0.031309 0.013636 0.019253 0.010994 0.032783
64 6 300.000000 0.016064 0.026197 0.011569 0.008681 0.019839 0.006324 0.023775
64 7 300.000000 0.016041 0.025364 0.005950 0.022171 0.010412 0.019618 0.006666 0.022106
64 8 300.000000 0.013742 0.018500 0.010998 0.008094 0.012985 0.012072 0.016846 0.008861 0.021578
